0.002500000000000049 0.0039022600000000983 56802.43038876406 16536.651540889095 -44071.79137373231 57862.92984855889 3
0.007500000000000191 0.00757001999999972 63291.89902296038 10776.449827176342 -1357.9585397655103 19482.673864191507 30
0.012499999999999551 0.012740399999999503 69828.44372252084 19442.54049441134 -3337.5762190718124 11213.17855398141 102
0.017499999999999086 0.017724800000000304 69909.36790425016 22614.32334850026 -2340.5525793844636 8641.2147728383 172
0.022500000000000697 0.022698400000000677 65596.90122129947 21639.716928773767 -848.9757874548116 6171.815788959451 312
0.0275000000000014 0.027731400000000375 59257.300635075706 21874.655949682467 -526.4399218759139 4883.818456277485 442
0.0324999999999992 0.03268649999999857 52416.03404982904 18922.362406448487 272.0180650566688 3830.3424865657153 626
0.03749999999999989 0.037635399999999306 46598.772349780156 18568.98081094281 293.34966965803505 3162.9057596482617 810
0.04250000000000004 0.042564699999999796 41490.62999511477 15314.828343917932 558.6462069418667 2614.1545139228183 1055
0.047499999999999494 0.04760170000000106 37356.25139228136 14206.304963360986 614.4650353297505 2196.80013190034 1352
0.05249999999999832 0.05263290000000207 34308.525500732794 12767.589951148031 538.2042695163649 1932.3514948705458 1618
0.05750000000000147 0.057592499999998624 32081.89086468001 11907.267303370792 728.0779726238404 1722.1697508549107 1922
0.0625 0.06257789999999726 30079.423155837852 10933.869819247693 527.5300043800697 1532.550302882265 2300
0.06749999999999808 0.06756699999999764 28170.68964338055 10138.68470444552 729.973333702979 1386.2436101612145 2667
0.07250000000000068 0.07257709999999945 26187.867220322434 9559.461040547156 619.730780936004 1249.7751392281416 3102
0.07749999999999778 0.07756969999999852 24181.82808988763 8744.987645334635 563.5774433219345 1140.3857401074745 3514
0.08250000000000149 0.08254619999999796 22157.405520273573 7783.760937957988 477.8334387787005 1042.6058720078172 3956
0.0875000000000033 0.08753079999999805 20186.71138251096 7078.758959452874 396.95028272593987 945.9747733268201 4521
0.09250000000000101 0.0925585999999974 18437.283878847113 6555.438280410354 426.4808178993646 871.6490727894478 5036
0.09749999999999716 0.09755499999999985 16966.84870542256 6041.937625793847 378.11064120664395 809.1840073277981 5569
0.10249999999999858 0.10254399999999668 15739.738739618992 5514.5001270151415 444.153516670249 754.611426477772 6146
0.10749999999999563 0.10754199999999679 14770.2027357108 5081.044978016609 401.4692112046893 705.648958964337 6800
0.11250000000000394 0.11254900000000122 14005.998827552536 4765.399843673665 402.21958050307796 666.1145207620918 7432
0.11750000000000493 0.11754700000000148 13339.373473375676 4359.452765021986 439.0456593014164 631.1954103566198 8086
0.12250000000000191 0.12254699999999773 12752.629457743047 4118.086404494381 487.71906959208576 597.9100444553004 8826
0.1274999999999981 0.12753900000000606 12162.170639960894 3743.0902051783064 404.42403608163255 571.0337816316547 9474
0.13249999999999487 0.1325170000000054 11580.288422081074 3516.9159257449933 389.7559455989254 542.4520161211532 10280
0.1374999999999947 0.1375209999999973 10984.74582315582 3329.068339032734 330.0602810981934 515.9602955544698 11118
0.14250000000000287 0.14251999999999543 10377.662139716662 3097.2110649731353 284.4998287772346 493.40296678065454 11888
0.14749999999999908 0.14753400000000286 9808.43204689789 2909.379819247675 332.16959666585205 469.3705847581827 12860
0.15249999999999792 0.15254399999999949 9267.953683439164 2732.3258329262308 320.93702445530056 451.75453688324404 13602
0.1575000000000048 0.15753799999999354 8779.542745481202 2593.5420664386875 301.00166533854406 432.47327015144117 14568
0.16250000000000217 0.1625389999999986 8363.230776746474 2392.6306008793367 291.56371972594076 416.24808207132423 15476
0.1675000000000013 0.16753399999999416 7992.245842696643 2281.853986321442 308.7469744870552 400.7958729848552 16454
0.1725000000000085 0.17253199999999388 7660.043155837822 2101.4688764044936 285.2147793097212 386.9188099658047 17428
0.1775000000000051 0.17753099999999244 7365.73507083537 1954.272975085495 280.191684091407 373.1658026380076 18521
0.18250000000000358 0.18252799999999458 7082.088500244285 1813.6150708353655 266.70809438553925 362.05524279433286 19456
0.1875 0.1875210000000029 6818.906658524676 1651.0349535906178 257.539063215926 349.4315930630205 20670
0.1924999999999964 0.19251800000000568 6569.8979140205065 1551.2753810454324 268.5317290623836 339.77045676599863 21646
0.19749999999999449 0.19750900000000732 6321.855681485113 1428.831032730826 263.8703433434298 328.7046741573029 22899
0.20249999999999074 0.20251799999999798 6074.889511480234 1335.6121963849569 256.442754246703 318.904849535906 24087
0.20749999999999547 0.2075179999999943 5838.686453346366 1242.9697489008295 236.72691056003913 310.0120850024424 25246
0.212499999999993 0.21251599999999474 5615.310605764535 1189.6887659990236 246.27990352564757 301.4435896433805 26460
0.217499999999989 0.21751299999999701 5407.210317537856 1102.5937870053754 218.1374036267707 293.20485148998563 27731
0.2225000000000093 0.22250900000000207 5210.553810454318 1010.2711372740587 223.48611768632125 285.5040977039567 29012
0.22750000000000778 0.22751699999999223 5027.234152418178 941.9292354665357 211.5540548871519 277.5941035661944 30458
0.2325000000000044 0.23251900000001025 4857.261626770887 872.8616116267722 204.91220593698097 271.3011670737663 31664
0.23750000000000784 0.23752600000000237 4696.5825305324925 785.4628163165605 222.17834039276966 264.1168519785051 33188
0.2425000000000059 0.24252300000000473 4547.374313629703 726.2832589154863 205.5209000180755 258.7307469467514 34370
0.24750000000000208 0.24751900000000776 4401.992642892041 643.2836770884227 212.8420336155345 252.0953307278945 35984
0.2524999999999985 0.25251400000000795 4262.296448461162 605.704991206643 201.51830017733278 246.93787787005357 37284
0.2574999999999957 0.25751200000000857 4129.987918905714 533.2005891548617 212.1723875212506 240.94103663898412 38946
0.2624999999999945 0.2624999999999945 4006.3342892037144 492.27349780166037 187.94856508089865 236.68676648754268 40149
0.2674999999999978 0.2674999999999978 3881.66132877381 416.27724553004356 203.17602504636085 230.17197948216906 42231
0.2724999999999948 0.27250600000001063 3763.459760625307 381.4880219833899 188.84269177967764 226.53053199804603 43382
0.2774999999999932 0.27750500000000894 3649.92248168051 336.4165284611624 190.39323557835925 221.0276213971667 45350
0.28250000000001474 0.28251299999999524 3543.6799218368346 304.31049115779257 187.9740701748902 217.26667806546197 46722
0.2875000000000111 0.2875149999999942 3439.5545432340014 252.57851356130925 184.76254581338506 212.48524865657043 48632
0.2925000000000085 0.2925220000000015 3341.650586223744 209.90345012701516 186.601698666292 208.80746653639468 50150
0.29750000000001064 0.29751199999999245 3248.7583536883258 171.76734740937923 183.09073546702518 205.1557493893508 51745
