0.002500000000000049 0.0042220899999999536 89175.35338055683 -148079.6629213483 33104.181177186154 72145.99203712757 5
0.007500000000000191 0.008181510000000001 70163.92051783104 28302.36086414269 -1061.4237956082088 26894.423644357583 28
0.012499999999999551 0.012951699999999575 68188.27352222757 12886.554697459691 9431.763665315077 15690.071665852452 80
0.017499999999999086 0.017777899999999316 67622.72520762093 25601.98538050808 2504.159846267709 11412.230957498765 150
0.022500000000000697 0.022565200000000514 62485.11641426477 12282.082904103556 -6313.628528334152 8708.691675622871 239
0.0275000000000014 0.027562299999999627 57328.7940889106 26825.92595153884 4307.630451489985 6581.6748216902915 387
0.0324999999999992 0.03269960000000072 50523.819638495406 22062.368903224236 5019.588290190526 5288.7571030776635 538
0.03749999999999989 0.037681800000001084 44706.53121641435 18590.554457743052 1128.0106999511463 4481.166277479235 680
0.04250000000000004 0.042589899999999827 39743.353395212565 13407.023791206635 -151.4391010649731 3746.3992476795306 892
0.047499999999999494 0.047564899999998515 35951.92701514406 12765.817213190014 -1163.1199180175863 3246.0825842696645 1109
0.05249999999999832 0.05257589999999784 33283.968881289686 14834.953077674672 2690.453107606252 2837.1050806057665 1381
0.05750000000000147 0.05763749999999868 30985.191499755736 12262.02787982414 1109.348710332194 2540.503488031263 1648
0.0625 0.06259029999999745 29062.49833903271 10442.70700635074 474.83104775769357 2321.9278114313665 1900
0.06749999999999808 0.06754329999999882 27219.254469956068 9413.31407914021 252.5745645222273 2099.516287249632 2240
0.07250000000000068 0.07248819999999953 25354.391304347882 8715.389413776262 -320.7174458573524 1922.559120664386 2572
0.07749999999999778 0.0774956999999973 23493.348803126548 9660.616448461156 1264.873042017589 1751.1325842696608 2983
0.08250000000000149 0.08257299999999713 21468.850024425992 7693.734167073771 539.1752973016604 1594.7636345872033 3446
0.0875000000000033 0.08760530000000445 19593.454421104063 6788.035784074248 390.4803518954565 1496.9344015632641 3756
0.09250000000000101 0.09256239999999873 17932.19916951634 6022.353307278936 -101.52293313092318 1391.2931851489975 4192
0.09749999999999716 0.09752770000000052 16524.366780654604 5515.264562774799 290.7553337645333 1294.1077674645812 4695
0.10249999999999858 0.1025490000000034 15385.964386907666 6169.099213483152 978.8940860039075 1211.4338739618966 5221
0.10749999999999563 0.10758699999999687 14409.694333170475 4745.068246213965 361.1943758720079 1139.3113776257949 5772
0.11250000000000394 0.11256900000000174 13696.285100146564 4903.033644357589 390.43428458964365 1094.290381045432 6154
0.11750000000000493 0.11753699999999877 13044.371519296546 3697.2674660478797 93.10315260869562 1029.4820859794822 6848
0.12250000000000191 0.12252300000000095 12490.780801172445 4041.0729897410806 278.33739006839306 985.4383556424037 7377
0.1274999999999981 0.12754000000000476 11943.789887640454 4033.9172545188076 517.4015960136785 934.8726223742055 8091
0.13249999999999487 0.1325520000000011 11361.767269174408 3536.930317537856 459.12270715828015 897.3838930141679 8660
0.1374999999999947 0.1375569999999958 10776.731885686384 3193.367278944798 326.4160599106008 856.579899853444 9372
0.14250000000000287 0.14252800000000224 10189.367117733282 2735.9519384465107 66.63569063751828 826.7286301905222 9919
0.14749999999999908 0.14751000000000547 9656.440547142152 2844.344621397171 350.7737148138736 787.4187059110885 10793
0.15249999999999792 0.15251499999999535 9137.537606253061 2970.544675134343 376.5359426966298 759.6114689789948 11451
0.1575000000000048 0.1575230000000038 8654.540620420126 2490.991609184166 423.08767481240795 728.15759208598 12314
0.16250000000000217 0.16253699999999163 8238.474577430381 2193.6190175867123 97.59626851978528 703.6300801172448 13052
0.1675000000000013 0.16752999999999932 7874.521807523203 1961.9291685393257 161.29251349682494 679.5247186126028 13868
0.1725000000000085 0.17252600000000382 7559.544445530045 2054.407090864681 322.58955303072764 658.4252261846583 14655
0.1775000000000051 0.17752500000000251 7277.757586712246 2103.563345383486 306.5572732476806 635.7926546165119 15606
0.18250000000000358 0.18253000000000025 7005.28183194919 1810.3178646800216 393.30003848558897 617.876021983391 16411
0.1875 0.18752599999999484 6751.344885197857 1504.9540693698111 149.57605569340484 597.9968480703474 17408
0.1924999999999964 0.19250799999999282 6516.306145578902 1355.005490962385 210.9756628822669 583.7403795798729 18160
0.19749999999999449 0.19750599999999288 6276.708832437723 1400.6199443087435 325.65506366878407 562.9549579872997 19407
0.20249999999999074 0.20252799999999 6041.550693698102 1501.8946814851015 272.7113777532975 549.2973536883236 20262
0.20749999999999547 0.2075350000000039 5806.480385930624 1166.2865139228138 223.61917470630203 534.0725383488036 21305
0.212499999999993 0.21253999999999335 5588.029369809478 1126.680284318514 194.80557476013684 520.1392173913041 22336
0.217499999999989 0.21752199999999014 5379.775427454814 873.3673400635072 143.0779221978506 508.83024328285336 23215
0.2225000000000093 0.2225109999999975 5196.919477283831 1059.1612159257452 298.81364481582744 494.0477625793845 24509
0.22750000000000778 0.2275159999999927 5014.411656082058 1062.6499819247667 263.71172725500725 482.90680068392885 25532
0.2325000000000044 0.23252800000000187 4845.340190522717 768.5800821690276 229.69682031998025 469.9873082559843 26837
0.23750000000000784 0.2375279999999977 4687.971211529071 678.394350903761 210.7338312525649 461.0803131411815 27770
0.2425000000000059 0.24251299999998846 4546.502286272587 595.4875110405482 108.88764836150445 450.46654421103983 28987
0.24750000000000208 0.24750499999999256 4412.467611138259 722.8917044455295 293.4262039408891 440.11893649242825 30260
0.2524999999999985 0.25251500000000593 4278.3781240840235 659.6020962286271 243.4535195597949 430.44984855886617 31524
0.2574999999999957 0.25752499999999034 4147.486184660484 516.5203111577931 166.25926347972617 420.7137103077679 32887
0.2624999999999945 0.26252399999999504 4023.620962383987 356.4777208426969 217.6258783938543 413.76841524181725 33890
0.2674999999999978 0.2675060000000127 3906.402745481199 365.26638315241854 162.80211472154357 404.72215925745013 35313
0.2724999999999948 0.27251799999999354 3793.158978993646 391.5114124670237 262.58238080117223 395.48391548607816 36872
0.2774999999999932 0.2775290000000002 3680.429985344412 414.9315979780163 212.53805356814803 389.23749682462153 37952
0.28250000000001474 0.2825260000000019 3574.25842208109 267.1619796331214 168.17272409653165 381.08197606253066 39483
0.2875000000000111 0.2875210000000069 3472.018143624819 164.8074238216903 209.72236856565695 374.8666956521748 40693
0.2925000000000085 0.2925119999999908 3376.621900341964 123.15691172300947 174.9898009247683 367.09609184171944 42327
0.29750000000001064 0.2975190000000022 3286.177967757694 247.94043122911572 247.90612712652688 360.72676648754225 43730
